A =

   1   0   0   0   0   0   1   0   0   0   0
   0   1   0   0   0   1   0   1   0   0   0
   0   0   1   0   1   0   1   0   1   0   0
   0   0   0   2   0   1   0   1   0   1   0
   0   0   1   0   2   0   1   0   1   0   1
   0   1   0   1   0   2   0   1   0   1   0
   1   0   1   0   1   0   2   0   1   0   0
   0   1   0   1   0   1   0   2   0   0   0
   0   0   1   0   1   0   1   0   1   0   0
   0   0   0   1   0   1   0   0   0   1   0
   0   0   0   0   1   0   0   0   0   0   1

---Factorizing 11 x 6---
---Factorizing 6 x 1---
---Factorizing: succesfull ---
B =

   1   0   0   0   0   0
   0   1   0   0   0   0
   0   0   1   0   0   0
   0   0   0   1   0   1
   0   0   1   0   1   0
   0   1   0   1   0   0
   1   0   1   0   0   0
   0   1   0   0   0   1
   0   0   1   0   0   0
   0   0   0   1   0   0
   0   0   0   0   1   0

m =  6
[1][1] = [1]
[1][2] = [2]
[1][3] = [3]
[1][4] = [4]
[1][5] = [5]
[1][6] = [6]
[2][1] = [2]
[2][2] = [1] + [3]
[2][3] = [2] + [4] + [6]
[2][4] = [3] + [5]
[2][5] = [4]
[2][6] = [3]
[3][1] = [3]
[3][2] = [2] + [4] + [6]
[3][3] = [1] + 2[3] + [5]
[3][4] = [2] + [4] + [6]
[3][5] = [3]
[3][6] = [2] + [4]
[4][1] = [4]
[4][2] = [3] + [5]
[4][3] = [2] + [4] + [6]
[4][4] = [1] + [3]
[4][5] = [2]
[4][6] = [3]
[5][1] = [5]
[5][2] = [4]
[5][3] = [3]
[5][4] = [2]
[5][5] = [1]
[5][6] = [6]
[6][1] = [6]
[6][2] = [3]
[6][3] = [2] + [4]
[6][4] = [3]
[6][5] = [6]
[6][6] = [1] + [5]
dims =

   1.0000
   1.9319
   2.7321
   1.9319
   1.0000
   1.4142

Reps =

   1
   2

Cosets =

   1   0   0   0   1   1
   0   1   1   1   0   0

D =  3.4142
mm =  2

Hypergroup of rank 2:
[1] * [1] = [1]
[1] * [2] = [2]
[2] * [1] = [2]
[2] * [2] = 0.267949[1] + 0.732051[2]
